CustNum 15 StaNum 3
0.0 2590.9757303552 4527.15434158156 3217.55415050305 5808.46440596946 9008.58397090136 5620.99747191087 4281.83180774668 7132.94609820968 5677.13877217242 3166.46446487273 4077.38564727302 5042.75252951281 4930.07109904954 4044.80935181771 4411.26533248329 2346.52137145167 1498.75554746141 3785.1227714027 0.0
2590.9757303552 0.0 6491.71421396866 3731.35923307308 6041.61256984974 11529.9528388185 8189.88486185825 1700.32086528754 7021.57261211487 7012.30477021514 5324.67788068091 4391.53409491517 6054.98355720593 3644.58637134981 1779.23136349396 3972.68743417963 4931.22309892577 2585.71077866842 6213.42659642779 2590.9757303552
4527.15434158156 6491.71421396866 0.0 7510.52490237181 9941.59483762069 8239.76702991149 5125.05545659581 7865.48542700115 11363.6739191497 8860.87203923253 5764.19881544167 8340.89442844607 8693.54667125945 6304.79771370512 8236.19080705788 4906.58761840435 3767.8237722967 5939.45717865478 1877.44074168221 4527.15434158156
3217.55415050305 3731.35923307308 7510.52490237181 0.0 2603.01262284449 9339.95356606732 6564.77079402879 4995.54902477933 3919.30853685145 3367.14567178746 2993.23523661991 859.918474666166 2334.86025550636 7275.4395401303 3749.19038190504 7225.76656368302 4146.80098937796 1734.90675529796 6279.62921261413 3217.55415050305
5808.46440596946 6041.61256984974 9941.59483762069 2603.01262284449 0.0 10056.9709856071 7976.16556325665 6942.97396616737 1457.57290262887 2770.77409275764 4627.96293523217 1756.65352375119 1816.1830605313 9679.40997552216 5446.92129942944 9766.85267599526 6330.89208677832 4337.20934902508 8522.13726823385 5808.46440596946
9008.58397090136 11529.9528388185 8239.76702991149 9339.95356606732 10056.9709856071 0.0 3469.71434264449 13226.7437418631 11280.6823084364 7353.59082592272 6457.84538511096 9623.55517373013 8252.91838325079 13477.5544884744 12586.1178409783 12406.6675661317 6703.70080458079 9182.07445699376 6664.14015466906 9008.58397090136
5620.99747191087 8189.88486185825 5125.05545659581 6564.77079402879 7976.16556325665 3469.71434264449 0.0 9889.66570516137 9378.05073717329 5700.94930063225 3576.08213545674 7059.04333150313 6209.76966907321 10008.5775703675 9400.62150455359 8958.8351159396 3280.99454705575 6014.95769745305 3356.17111061069 5620.99747191087
4281.83180774668 1700.32086528754 7865.48542700115 4995.54902477933 6942.97396616737 13226.7437418631 9889.66570516137 0.0 7663.82518655493 8360.35032474375 6968.05008120169 5487.62584069919 7315.04159575144 3426.10489580495 1557.23866927505 4340.30027812765 6626.66732822176 4181.91973186817 7802.17498100426 4281.83180774668
7132.94609820968 7021.57261211487 11363.6739191497 3919.30853685145 1457.57290262887 11280.6823084364 9378.05073717329 7663.82518655493 0.0 3927.23745361518 6080.61965448001 3060.79823952733 3170.05000558097 10656.7523849254 6111.98230596665 10888.0417727641 7782.44196355626 5638.95458176328 9973.1008746393 7132.94609820968
5677.13877217242 7012.30477021514 8860.87203923253 3367.14567178746 2770.77409275764 7353.59082592272 5700.94930063225 8360.35032474375 3927.23745361518 0.0 3097.31013409671 3056.42076613514 1157.85302261077 10383.8344614827 7091.35858686148 10071.5013806324 5099.14573024442 4577.32389805102 7148.44418207944 5677.13877217242
3166.46446487273 5324.67788068091 5764.19881544167 2993.23523661991 4627.96293523217 6457.84538511096 3576.08213545674 6968.05008120169 6080.61965448001 3097.31013409671 0.0 3500.35263923469 3053.53523781746 8096.19074973616 6159.88041546484 7486.82231470496 2002.78573456688 2797.71171429395 4085.9031936982 3166.46446487273
4077.38564727302 4391.53409491517 8340.89442844607 859.918474666166 1756.65352375119 9623.55517373013 7059.04333150313 5487.62584069919 3060.79823952733 3056.42076613514 3500.35263923469 0.0 1915.28942163036 7998.54108587317 4104.79552930407 8024.66639110297 4887.7451631552 2591.42352141549 7052.07059076999 4077.38564727302
5042.75252951281 6054.98355720593 8693.54667125945 2334.86025550636 1816.1830605313 8252.91838325079 6209.76966907321 7315.04159575144 3170.05000558097 1157.85302261077 3053.53523781746 1915.28942163036 0.0 9537.00295523748 5993.58057953082 9349.74495653056 4951.08775991984 3769.0073599943 7111.23537977481 5042.75252951281
4930.07109904954 3644.58637134981 6304.79771370512 7275.4395401303 9679.40997552216 13477.5544884744 10008.5775703675 3426.10489580495 10656.7523849254 10383.8344614827 8096.19074973616 7998.54108587317 9537.00295523748 0.0 4832.01110452131 1467.78954983981 6889.90466648743 5806.8192169481 7063.04992989685 4930.07109904954
4044.80935181771 1779.23136349396 8236.19080705788 3749.19038190504 5446.92129942944 12586.1178409783 9400.62150455359 1557.23866927505 6111.98230596665 7091.35858686148 6159.88041546484 4104.79552930407 5993.58057953082 4832.01110452131 0.0 5509.7563939 6261.47068370298 3407.18375654646 7809.98517480531 4044.80935181771
4411.26533248329 3972.68743417963 4906.58761840435 7225.76656368302 9766.85267599526 12406.6675661317 8958.8351159396 4340.30027812765 10888.0417727641 10071.5013806324 7486.82231470496 8024.66639110297 9349.74495653056 1467.78954983981 5509.7563939 0.0 6015.47258679164 5586.42360387018 5843.56209051477 4411.26533248329
2346.52137145167 4931.22309892577 3767.8237722967 4146.80098937796 6330.89208677832 6703.70080458079 3280.99454705575 6626.66732822176 7782.44196355626 5099.14573024442 2002.78573456688 4887.7451631552 4951.08775991984 6889.90466648743 6261.47068370298 6015.47258679164 0.0 3020.44891879739 2191.30619046591 2346.52137145167
1498.75554746141 2585.71077866842 5939.45717865478 1734.90675529796 4337.20934902508 9182.07445699376 6014.95769745305 4181.91973186817 5638.95458176328 4577.32389805102 2797.71171429395 2591.42352141549 3769.0073599943 5806.8192169481 3407.18375654646 5586.42360387018 3020.44891879739 0.0 4937.05382456438 1498.75554746141
3785.1227714027 6213.42659642779 1877.44074168221 6279.62921261413 8522.13726823385 6664.14015466906 3356.17111061069 7802.17498100426 9973.1008746393 7148.44418207944 4085.9031936982 7052.07059076999 7111.23537977481 7063.04992989685 7809.98517480531 5843.56209051477 2191.30619046591 4937.05382456438 0.0 3785.1227714027
0.0 2590.9757303552 4527.15434158156 3217.55415050305 5808.46440596946 9008.58397090136 5620.99747191087 4281.83180774668 7132.94609820968 5677.13877217242 3166.46446487273 4077.38564727302 5042.75252951281 4930.07109904954 4044.80935181771 4411.26533248329 2346.52137145167 1498.75554746141 3785.1227714027 0.0
Customer demand
0.97 1.53 1.93 1.06 1.93 1.53 1.55 0.63 0.87 1.86 1.86 1.46 1.55 1.06 0.75
