CustNum 20 StaNum 4
0.0 5447.73148092218 5604.60301447436 3166.46446487273 6439.14495817001 5620.99747191087 6473.71687149904 7132.94609820968 1906.92030942523 3256.05372415947 2977.22336361906 7190.80516037877 4802.99909570295 3413.52508881659 7212.32343923438 3603.3558933804 4077.38564727302 2872.89358631481 4179.22879124342 5672.90249240089 3594.54449066281 3273.39474384322 1332.02030658525 2346.52137145167 3740.75056467876 0.0
5447.73148092218 0.0 9181.12059211608 8285.08633576843 10082.0512127256 11065.1434978368 1103.1830483059 8899.71110597139 3621.25688409528 7660.58913165934 4236.10617478296 8457.85142204419 7377.90913130851 2641.78217536236 9351.5818205336 8618.23733952172 6855.98501862458 6681.0107542665 8948.24306194847 8484.85656231322 5852.01053046115 8163.80668585582 6534.68003649643 7784.71963171458 1971.6144678579 5447.73148092218
5604.60301447436 9181.12059211608 0.0 3500.03007433456 909.232069950133 6485.56764042978 10266.9197694775 2978.69779563905 6897.013080884 7979.97337674639 4947.68518594161 12686.0459109799 2011.76051349246 8370.15623636263 12480.3176487442 7361.61812021954 2343.3944054992 2819.22037834307 2464.80559001219 1268.37508356144 9165.6914577293 2981.89901699935 4479.14938008822 5440.57428394738 7247.82241271164 5604.60301447436
3166.46446487273 8285.08633576843 3500.03007433456 0.0 4077.04684224453 3576.08213545674 9368.39101086447 6080.61965448001 5004.91550050905 4610.09193035378 4582.77409830509 9546.39207623597 3964.94334631292 6552.70096105557 9167.25738740309 3868.61813812995 3500.35263923469 2309.85772557105 1218.94484588715 4239.40271295156 6255.25662261225 549.765913850506 1847.8111809715 2002.78573456688 6372.8986832625 3166.46446487273
6439.14495817001 10082.0512127256 909.232069950133 4077.04684224453 0.0 6703.63609296943 11165.2308650957 3213.74155129484 7788.02916708487 8653.67082260636 5851.4426876852 13452.2496892323 2827.18007578218 9270.6531463367 13188.5506396731 7935.97781243664 3232.26177160774 3704.91919849362 2920.29622317103 1880.8870041294 9970.11433417523 3604.19084993947 5262.66359533701 6069.05573872206 8153.46195109957 6439.14495817001
5620.99747191087 11065.1434978368 6485.56764042978 3576.08213545674 6703.63609296943 0.0 12073.3479269805 9378.05073717329 7469.46519678525 4651.79677224517 7937.25173388034 9453.68781504175 7461.40152622554 8825.90896779468 8577.05433858044 3283.59999325391 7059.04333150313 5877.56237659002 4096.64806476191 7519.12029263543 7149.41511850534 4064.90775599184 4717.90048648737 3280.99454705575 9330.04030440818 5620.99747191087
6473.71687149904 1103.1830483059 10266.9197694775 9368.39101086447 11165.2308650957 12073.3479269805 0.0 9873.47263458036 4604.59324336736 8477.7440785069 5327.81374838239 8696.93936003348 8439.10740003961 3417.60920534982 9715.83043408794 9512.28816596493 7935.2028274376 7783.97410145271 10048.0066556686 9541.90524298946 6467.22552210859 9257.86488758085 7600.27925296304 8793.55554524091 3074.73839434607 6473.71687149904
7132.94609820968 8899.71110597139 2978.69779563905 6080.61965448001 3213.74155129484 9378.05073717329 9873.47263458036 0.0 7772.79013734756 10079.9001668144 5144.57012045381 14286.9216180472 2347.98778211995 8967.32121618034 14339.6611352893 9749.99080741806 3060.79823952733 4388.3946553156 5283.96596349066 1862.68291582531 10663.0901783262 5530.88588952691 6395.80471767933 7782.44196355626 7236.9900058126 7132.94609820968
1906.92030942523 3621.25688409528 6897.013080884 5004.91550050905 7788.02916708487 7469.46519678525 4604.59324336736 7772.79013734756 0.0 4244.91326177032 2746.23657274815 6754.9190307546 5617.91355787058 1559.0650267734 7155.24962533169 5047.1018416592 4912.88944921833 4083.45286657176 5906.20091610993 6652.6800991267 3253.02516481641 5026.22016278948 3160.68380933073 4191.39446016474 2194.2480455472 1906.92030942523
3256.05372415947 7660.58913165934 7979.97337674639 4610.09193035378 8653.67082260636 4651.79677224517 8477.7440785069 10079.9001668144 4244.91326177032 0.0 6217.49016220386 5064.48762786485 7737.75596624456 5061.70883497508 4559.60729988687 1373.91285863291 7050.25542966355 5692.02598227357 5824.7987268914 8414.05823239382 2561.53904006033 5050.74113966983 3684.10354122473 2611.59407535728 6438.60548762018 3256.05372415947
2977.22336361906 4236.10617478296 4947.68518594161 4582.77409830509 5851.4426876852 7937.25173388034 5327.81374838239 5144.57012045381 2746.23657274815 6217.49016220386 0.0 9485.20604613096 3230.38918434737 3822.96469052135 9796.28220344286 6530.49495600484 2641.68703244474 2556.39628804443 4947.43809441183 4338.12833512858 5919.53842844929 4300.9591659599 3266.64910961583 4934.7856260851 2305.04556515212 2977.22336361906
7190.80516037877 8457.85142204419 12686.0459109799 9546.39207623597 13452.2496892323 9453.68781504175 8696.93936003348 14286.9216180472 6754.9190307546 5064.48762786485 9485.20604613096 0.0 11981.1344040966 6244.21067900094 1433.64444929291 6280.97498116354 11252.378297881 10055.4225347846 10762.1255603681 12861.3417537061 3624.5076168197 9919.14630905212 8207.02027864681 7604.51349908874 8407.95856812504 7190.80516037877
4802.99909570295 7377.90913130851 2011.76051349246 3964.94334631292 2827.18007578218 7461.40152622554 8439.10740003961 2347.98778211995 5617.91355787058 7737.75596624456 3230.38918434737 11981.1344040966 0.0 6946.95548075732 11999.2622235541 7461.25246888171 729.254455934754 2046.76844141958 3447.33341704747 1110.8521041168 8363.26510647491 3430.26140071489 4055.11759622551 5502.48703891944 5512.71800137031 4802.99909570295
3413.52508881659 2641.78217536236 8370.15623636263 6552.70096105557 9270.6531463367 8825.90896779468 3417.60920534982 8967.32121618034 1559.0650267734 5061.70883497508 3822.96469052135 6244.21067900094 6946.95548075732 0.0 6940.99272041601 6110.57344811913 6273.15836355592 5579.40135459547 7465.15714386208 8021.44067338798 3247.85041784149 6584.81130180163 4705.25141443261 5586.36863631151 2179.01302255073 3413.52508881659
7212.32343923438 9351.5818205336 12480.3176487442 9167.25738740309 13188.5506396731 8577.05433858044 9715.83043408794 14339.6611352893 7155.24962533169 4559.60729988687 9796.28220344286 1433.64444929291 11999.2622235541 6940.99272041601 0.0 5585.29665185856 11279.3673234312 9999.5393851497 10383.5040141042 12795.3967826796 3902.23036723426 9594.69994438447 8050.2596282957 7171.14271453953 9031.09172064912 7212.32343923438
3603.3558933804 8618.23733952172 7361.61812021954 3868.61813812995 7935.97781243664 3283.59999325391 9512.28816596493 9749.99080741806 5047.1018416592 1373.91285863291 6530.49495600484 6280.97498116354 7461.25246888171 6110.57344811913 5585.29665185856 0.0 6830.72288531446 5446.07613211075 5024.94243716408 7980.30502455894 3917.25417454038 4380.02078116884 3516.13248459444 1968.17232509803 7186.02187121935 3603.3558933804
4077.38564727302 6855.98501862458 2343.3944054992 3500.35263923469 3232.26177160774 7059.04333150313 7935.2028274376 3060.79823952733 4912.88944921833 7050.25542966355 2641.68703244474 11252.378297881 729.254455934754 6273.15836355592 11279.3673234312 6830.72288531446 0.0 1384.96603385775 3188.21027257798 1748.57250765008 7634.08809559426 2994.19028348312 3377.11094660269 4887.7451631552 4945.91792201633 4077.38564727302
2872.89358631481 6681.0107542665 2819.22037834307 2309.85772557105 3704.91919849362 5877.56237659002 7783.97410145271 4388.3946553156 4083.45286657176 5692.02598227357 2556.39628804443 10055.4225347846 2046.76844141958 5579.40135459547 9999.5393851497 5446.07613211075 1384.96603385775 0.0 2408.09912100182 2807.61998702334 6467.43735970092 1889.08109231507 2008.50820849017 3507.9940068369 4709.50004812858 2872.89358631481
4179.22879124342 8948.24306194847 2464.80559001219 1218.94484588715 2920.29622317103 4096.64806476191 10048.0066556686 5283.96596349066 5906.20091610993 5824.7987268914 4947.43809441183 10762.1255603681 3447.33341704747 7465.15714386208 10383.5040141042 5024.94243716408 3188.21027257798 2408.09912100182 0.0 3423.17283283265 7436.07537996605 908.568225851576 2853.24787476884 3213.98460448769 6988.35814053021 4179.22879124342
5672.90249240089 8484.85656231322 1268.37508356144 4239.40271295156 1880.8870041294 7519.12029263543 9541.90524298946 1862.68291582531 6652.6800991267 8414.05823239382 4338.12833512858 12861.3417537061 1110.8521041168 8021.44067338798 12795.3967826796 7980.30502455894 1748.57250765008 2807.61998702334 3423.17283283265 0.0 9264.67116344703 3690.28275146739 4755.73911618632 6014.59374631738 6623.52122913981 5672.90249240089
3594.54449066281 5852.01053046115 9165.6914577293 6255.25662261225 9970.11433417523 7149.41511850534 6467.22552210859 10663.0901783262 3253.02516481641 2561.53904006033 5919.53842844929 3624.5076168197 8363.26510647491 3247.85041784149 3902.23036723426 3917.25417454038 7634.08809559426 6467.43735970092 7436.07537996605 9264.67116344703 0.0 6549.15456908326 4710.4823639245 4497.75735796529 5198.43339482444 3594.54449066281
3273.39474384322 8163.80668585582 2981.89901699935 549.765913850506 3604.19084993947 4064.90775599184 9257.86488758085 5530.88588952691 5026.22016278948 5050.74113966983 4300.9591659599 9919.14630905212 3430.26140071489 6584.81130180163 9594.69994438447 4380.02078116884 2994.19028348312 1889.08109231507 908.568225851576 3690.28275146739 6549.15456908326 0.0 1945.36054268192 2469.25254885119 6221.32599048347 3273.39474384322
1332.02030658525 6534.68003649643 4479.14938008822 1847.8111809715 5262.66359533701 4717.90048648737 7600.27925296304 6395.80471767933 3160.68380933073 3684.10354122473 3266.64910961583 8207.02027864681 4055.11759622551 4705.25141443261 8050.2596282957 3516.13248459444 3377.11094660269 2008.50820849017 2853.24787476884 4755.73911618632 4710.4823639245 1945.36054268192 0.0 1699.38332828898 4684.03061786621 1332.02030658525
2346.52137145167 7784.71963171458 5440.57428394738 2002.78573456688 6069.05573872206 3280.99454705575 8793.55554524091 7782.44196355626 4191.39446016474 2611.59407535728 4934.7856260851 7604.51349908874 5502.48703891944 5586.36863631151 7171.14271453953 1968.17232509803 4887.7451631552 3507.9940068369 3213.98460448769 6014.59374631738 4497.75735796529 2469.25254885119 1699.38332828898 0.0 6078.36557254042 2346.52137145167
3740.75056467876 1971.6144678579 7247.82241271164 6372.8986832625 8153.46195109957 9330.04030440818 3074.73839434607 7236.9900058126 2194.2480455472 6438.60548762018 2305.04556515212 8407.95856812504 5512.71800137031 2179.01302255073 9031.09172064912 7186.02187121935 4945.91792201633 4709.50004812858 6988.35814053021 6623.52122913981 5198.43339482444 6221.32599048347 4684.03061786621 6078.36557254042 0.0 3740.75056467876
0.0 5447.73148092218 5604.60301447436 3166.46446487273 6439.14495817001 5620.99747191087 6473.71687149904 7132.94609820968 1906.92030942523 3256.05372415947 2977.22336361906 7190.80516037877 4802.99909570295 3413.52508881659 7212.32343923438 3603.3558933804 4077.38564727302 2872.89358631481 4179.22879124342 5672.90249240089 3594.54449066281 3273.39474384322 1332.02030658525 2346.52137145167 3740.75056467876 0.0
Customer demand
1.55 0.99 1.86 0.89 1.53 0.75 0.63 1.18 0.89 0.87 0.99 0.99 0.75 0.96 0.89 1.86 1.8 0.89 1.68 0.99
